[Form]
Top=6
Left=126
InitMax=0
Screen=15138815
Spectrum=8388608
Grid=12632256
Text=0
[Parameters]
Span=10000000
Span Index=0
Points=16
sBandwidth=100000
Steps=20
Mode=0
ModeSt=Новое
Average=1
Decim=1
Att1=0
Att2=3
Filter=6
Voice=1
AGC=0
AntIn=1
[Frequency]
FreqAR=2439.720038
Step=4
[Memory]
0=449.460001
1=452.711994
2=2400.000000
[Devices]
RS232=0
I2C=0
Demod=0
LPF=0
HPF=0
Switch=1
Feed=0
Mod=0
